      0    6371    1811
      1    6390    1811
      2    6416    1810
      3    6443    1810
      4    6390    1810
      5    6494    1810
      6    6553    1808
      7    6558    1808
      8    6638    1808
      9    6606    1808
     10    6694    1808
     11    6722    1808
     12    6753    1807
     13    6755    1807
     14    6552    1805
     15    6569    1800
     16    6489    1798
     17    6751    1798
     18    6386    1797
     19    6416    1795
     20    6738    1790
     21    6445    1785
     22    6436    1785
     23    6736    1784
     24    6464    1784
     25    6431    1783
     26    6416    1783
     27    6415    1782
     28    6370    1782
     29    6543    1781
     30    6543    1780
     31    6423    1780
     32    6606    1780
     33    6406    1780
     34    6405    1780
     35    6481    1779
     36    6779    1779
     37    6406    1779
     38    6417    1778
     39    6618    1777
     40    6588    1776
     41    6492    1776
     42    6466    1776
     43    6613    1775
     44    6424    1774
     45    6605    1774
     46    6415    1774
     47    6529    1773
     48    6539    1773
     49    6542    1772
     50    6416    1772
     51    6339    1769
     52    6553    1769
     53    6621    1769
     54    6603    1768
     55    6356    1768
     56    6411    1768
     57    6416    1768
     58    6422    1768
     59    6607    1768
     60    6428    1768
     61    6459    1767
     62    6462    1767
     63    6569    1766
     64    6569    1766
     65    6758    1765
     66    6589    1765
     67    6601    1765
     68    6604    1764
     69    6596    1764
     70    6602    1763
     71    6543    1763
     72    6597    1761
     73    6603    1761
     74    6596    1761
     75    6596    1761
     76    6422    1760
     77    6782    1760
     78    6416    1760
     79    6687    1759
     80    6401    1759
     81    6783    1759
     82    6589    1759
     83    6589    1759
     84    6419    1758
     85    6416    1758
     86    6708    1758
     87    6422    1757
     88    6763    1757
     89    6540    1757
     90    6643    1757
     91    6540    1756
     92    6618    1756
     93    6688    1755
     94    6428    1755
     95    6682    1755
     96    6453    1755
     97    6462    1754
     98    6589    1754
     99    6569    1751
    100    6703    1751
    101    6568    1751
    102    6482    1751
    103    6567    1751
    104    6569    1751
    105    6568    1751
    106    6541    1751
    107    6547    1750
    108    6561    1750
    109    6560    1750
    110    6559    1750
    111    6559    1750
    112    6556    1750
    113    6565    1750
    114    6562    1749
    115    6699    1748
    116    6561    1748
    117    6336    1748
    118    6561    1748
    119    6709    1748
    120    6445    1747
    121    6744    1747
    122    6514    1746
    123    6710    1746
    124    6710    1746
    125    6448    1746
    126    6554    1746
    127    6540    1745
    128    6549    1745
    129    6549    1745
    130    6550    1745
    131    6748    1745
    132    6688    1744
    133    6527    1744
    134    6654    1744
    135    6686    1743
    136    6537    1743
    137    6765    1742
    138    6693    1742
    139    6536    1742
    140    6527    1741
    141    6535    1740
    142    6767    1739
    143    6458    1738
    144    6608    1738
    145    6770    1737
    146    6685    1737
    147    6548    1737
    148    6770    1737
    149    6776    1737
    150    6607    1736
    151    6413    1735
    152    6514    1734
    153    6771    1734
    154    6537    1734
    155    6513    1734
    156    6629    1733
    157    6411    1731
    158    6679    1731
    159    6720    1731
    160    6763    1729
    161    6408    1729
    162    6408    1729
    163    6548    1729
    164    6603    1729
    165    6789    1728
    166    6408    1728
    167    6687    1726
    168    6759    1726
    169    6481    1726
    170    6758    1724
    171    6400    1724
    172    6440    1723
    173    6550    1723
    174    6407    1723
    175    6637    1723
    176    6558    1723
    177    6401    1723
    178    6732    1722
    179    6392    1722
    180    6405    1721
    181    6409    1721
    182    6406    1721
    183    6484    1720
    184    6409    1720
    185    6468    1720
    186    6481    1720
    187    6755    1719
    188    6440    1718
    189    6402    1718
    190    6607    1718
    191    6757    1717
    192    6549    1714
    193    6549    1714
    194    6574    1714
    195    6689    1714
    196    6754    1713
    197    6542    1713
    198    6534    1713
    199    6675    1713
    200    6675    1712
    201    6743    1712
    202    6749    1712
    203    6752    1711
    204    6660    1710
    205    6331    1710
    206    6504    1708
    207    6513    1708
    208    6744    1708
    209    6765    1707
    210    6402    1706
    211    6402    1705
    212    6547    1705
    213    6770    1705
    214    6745    1704
    215    6513    1704
    216    6655    1701
    217    6617    1700
    218    6644    1700
    219    6655    1699
    220    6704    1699
    221    6653    1697
    222    6410    1697
    223    6653    1696
    224    6627    1696
    225    6652    1696
    226    6706    1695
    227    6651    1694
    228    6797    1693
    229    6549    1691
    230    6618    1691
    231    6613    1691
    232    6532    1690
    233    6396    1690
    234    6404    1690
    235    6549    1690
    236    6549    1690
    237    6412    1690
    238    6418    1690
    239    6686    1690
    240    6602    1689
    241    6718    1689
    242    6610    1689
    243    6619    1689
    244    6792    1689
    245    6680    1689
    246    6474    1688
    247    6659    1688
    248    6644    1687
    249    6675    1687
    250    6707    1686
    251    6604    1686
    252    6686    1685
    253    6389    1685
    254    6670    1684
    255    6726    1684
    256    6422    1684
    257    6781    1682
    258    6729    1682
    259    6728    1681
    260    6619    1680
    261    6800    1680
    262    6732    1679
    263    6738    1678
    264    6425    1678
    265    6785    1677
    266    6422    1677
    267    6424    1677
    268    6677    1676
    269    6659    1675
    270    6556    1675
    271    6550    1675
    272    6611    1674
    273    6773    1674
    274    6424    1674
    275    6633    1674
    276    6553    1673
    277    6326    1673
    278    6552    1673
    279    6553    1672
    280    6422    1672
    281    6558    1672
    282    6560    1672
    283    6556    1672
    284    6561    1672
    285    6553    1672
    286    6567    1671
    287    6679    1671
    288    6720    1671
    289    6715    1671
    290    6564    1671
    291    6676    1671
    292    6546    1671
    293    6569    1670
    294    6677    1669
    295    6680    1669
    296    6426    1668
    297    6569    1668
    298    6568    1668
    299    6567    1668
    300    6344    1668
    301    6369    1668
    302    6747    1667
    303    6553    1667
    304    6617    1667
    305    6559    1667
    306    6598    1667
    307    6608    1667
    308    6559    1667
    309    6513    1666
    310    6489    1666
    311    6349    1666
    312    6554    1666
    313    6553    1666
    314    6616    1665
    315    6681    1665
    316    6681    1665
    317    6623    1664
    318    6763    1664
    319    6460    1664
    320    6561    1664
    321    6756    1664
    322    6643    1664
    323    6761    1663
    324    6763    1662
    325    6361    1661
    326    6359    1661
    327    6361    1661
    328    6361    1660
    329    6379    1660
    330    6733    1660
    331    6564    1660
    332    6349    1659
    333    6557    1659
    334    6353    1658
    335    6353    1658
    336    6405    1658
    337    6351    1657
    338    6637    1657
    339    6353    1656
    340    6555    1656
    341    6778    1655
    342    6349    1655
    343    6356    1653
    344    6422    1652
    345    6427    1652
    346    6429    1652
    347    6805    1651
    348    6702    1651
    349    6359    1651
    350    6575    1649
    351    6649    1649
    352    6363    1649
    353    6363    1649
    354    6340    1648
    355    6364    1647
    356    6572    1647
    357    6715    1647
    358    6667    1647
    359    6335    1646
    360    6555    1646
    361    6686    1644
    362    6685    1644
    363    6686    1644
    364    6682    1643
    365    6693    1643
    366    6685    1643
    367    6686    1643
    368    6606    1642
    369    6700    1641
    370    6648    1640
    371    6690    1640
    372    6445    1640
    373    6689    1640
    374    6692    1640
    375    6705    1639
    376    6707    1638
    377    6692    1638
    378    6605    1637
    379    6685    1637
    380    6429    1637
    381    6711    1636
    382    6575    1636
    383    6690    1636
    384    6448    1636
    385    6706    1635
    386    6704    1635
    387    6679    1635
    388    6605    1635
    389    6603    1634
    390    6398    1633
    391    6741    1632
    392    6714    1632
    393    6674    1631
    394    6684    1631
    395    6373    1630
    396    6532    1630
    397    6772    1630
    398    6808    1630
    399    6772    1630
    400    6750    1630
    401    6806    1630
    402    6805    1630
    403    6809    1629
    404    6781    1629
    405    6698    1629
    406    6698    1629
    407    6367    1629
    408    6624    1628
    409    6623    1628
    410    6554    1628
    411    6623    1627
    412    6677    1627
    413    6767    1627
    414    6422    1626
    415    6424    1626
    416    6776    1625
    417    6770    1625
    418    6776    1625
    419    6410    1625
    420    6772    1625
    421    6772    1625
    422    6555    1625
    423    6396    1625
    424    6422    1625
    425    6390    1624
    426    6401    1624
    427    6424    1623
    428    6772    1623
    429    6770    1623
    430    6392    1622
    431    6403    1622
    432    6404    1622
    433    6518    1621
    434    6645    1621
    435    6720    1620
    436    6766    1620
    437    6686    1620
    438    6686    1620
    439    6772    1620
    440    6336    1619
    441    6558    1617
    442    6319    1617
    443    6473    1616
    444    6422    1616
    445    6448    1615
    446    6653    1615
    447    6458    1614
    448    6655    1613
    449    6720    1613
    450    6457    1612
    451    6473    1611
    452    6476    1611
    453    6720    1611
    454    6697    1611
    455    6482    1610
    456    6697    1610
    457    6747    1610
    458    6496    1609
    459    6562    1609
    460    6696    1609
    461    6491    1609
    462    6661    1608
    463    6746    1608
    464    6483    1607
    465    6496    1607
    466    6457    1607
    467    6746    1606
    468    6744    1606
    469    6740    1606
    470    6479    1605
    471    6475    1605
    472    6483    1603
    473    6484    1602
    474    6417    1602
    475    6445    1601
    476    6586    1601
    477    6440    1600
    478    6747    1600
    479    6562    1600
    480    6699    1599
    481    6723    1599
    482    6657    1599
    483    6595    1596
    484    6394    1595
    485    6402    1595
    486    6340    1594
    487    6817    1593
    488    6725    1592
    489    6526    1591
    490    6368    1591
    491    6741    1590
    492    6591    1588
    493    6597    1586
    494    6587    1586
    495    6604    1586
    496    6590    1586
    497    6587    1585
    498    6586    1585
    499    6588    1584
    500    6614    1584
    501    6586    1584
    502    6463    1584
    503    6315    1584
    504    6586    1584
    505    6561    1584
    506    6440    1584
    507    6614    1584
    508    6614    1584
    509    6587    1584
    510    6614    1584
    511    6736    1584
    512    6614    1583
    513    6387    1583
    514    6563    1583
    515    6525    1582
    516    6388    1582
    517    6611    1581
    518    6819    1580
    519    6691    1580
    520    6613    1580
    521    6610    1579
    522    6578    1578
    523    6735    1577
    524    6537    1577
    525    6778    1577
    526    6742    1576
    527    6767    1576
    528    6534    1575
    529    6764    1575
    530    6791    1575
    531    6536    1575
    532    6776    1574
    533    6418    1573
    534    6735    1572
    535    6753    1571
    536    6368    1571
    537    6552    1571
    538    6750    1571
    539    6558    1571
    540    6775    1571
    541    6710    1571
    542    6567    1570
    543    6753    1570
    544    6549    1570
    545    6564    1570
    546    6713    1570
    547    6750    1570
    548    6759    1570
    549    6753    1570
    550    6712    1569
    551    6712    1569
    552    6742    1569
    553    6735    1569
    554    6548    1569
    555    6664    1569
    556    6656    1568
    557    6735    1568
    558    6686    1568
    559    6701    1568
    560    6706    1568
    561    6671    1568
    562    6547    1567
    563    6464    1567
    564    6701    1567
    565    6650    1567
    566    6650    1567
    567    6668    1567
    568    6713    1567
    569    6713    1567
    570    6592    1567
    571    6718    1567
    572    6673    1566
    573    6593    1566
    574    6684    1566
    575    6662    1566
    576    6650    1566
    577    6664    1565
    578    6584    1565
    579    6657    1565
    580    6584    1565
    581    6727    1565
    582    6732    1565
    583    6718    1565
    584    6566    1565
    585    6565    1565
    586    6718    1564
    587    6716    1564
    588    6701    1564
    589    6546    1564
    590    6418    1564
    591    6623    1563
    592    6705    1563
    593    6357    1563
    594    6574    1562
    595    6619    1562
    596    6618    1562
    597    6580    1561
    598    6564    1561
    599    6615    1561
    600    6562    1561
    601    6610    1560
    602    6345    1560
    603    6658    1560
    604    6574    1560
    605    6618    1559
    606    6613    1559
    607    6725    1559
    608    6570    1559
    609    6570    1559
    610    6597    1558
    611    6594    1558
    612    6596    1558
    613    6596    1558
    614    6570    1558
    615    6575    1558
    616    6616    1558
    617    6598    1558
    618    6576    1558
    619    6610    1558
    620    6598    1558
    621    6603    1558
    622    6594    1558
    623    6315    1557
    624    6613    1557
    625    6311    1556
    626    6824    1556
    627    6582    1555
    628    6566    1555
    629    6360    1554
    630    6768    1554
    631    6393    1554
    632    6562    1554
    633    6666    1554
    634    6558    1553
    635    6567    1553
    636    6610    1553
    637    6652    1552
    638    6563    1552
    639    6558    1551
    640    6601    1550
    641    6601    1550
    642    6531    1549
    643    6763    1549
    644    6776    1549
    645    6310    1548
    646    6599    1548
    647    6569    1547
    648    6530    1547
    649    6684    1546
    650    6778    1546
    651    6572    1545
    652    6570    1544
    653    6594    1544
    654    6826    1544
    655    6685    1543
    656    6567    1543
    657    6640    1542
    658    6685    1542
    659    6696    1542
    660    6564    1541
    661    6686    1541
    662    6592    1541
    663    6579    1540
    664    6691    1539
    665    6688    1539
    666    6427    1538
    667    6687    1538
    668    6582    1538
    669    6589    1536
    670    6566    1535
    671    6535    1534
    672    6696    1534
    673    6682    1534
    674    6682    1534
    675    6538    1533
    676    6569    1531
    677    6634    1531
    678    6565    1530
    679    6544    1529
    680    6356    1529
    681    6566    1529
    682    6358    1528
    683    6437    1528
    684    6570    1528
    685    6567    1527
    686    6532    1527
    687    6528    1525
    688    6619    1525
    689    6558    1525
    690    6527    1524
    691    6307    1524
    692    6594    1524
    693    6595    1523
    694    6629    1523
    695    6527    1523
    696    6570    1522
    697    6568    1521
    698    6525    1521
    699    6671    1519
    700    6794    1519
    701    6749    1518
    702    6794    1517
    703    6748    1517
    704    6767    1517
    705    6647    1517
    706    6794    1517
    707    6423    1516
    708    6379    1516
    709    6641    1515
    710    6703    1514
    711    6642    1514
    712    6433    1513
    713    6642    1513
    714    6517    1513
    715    6387    1512
    716    6627    1512
    717    6428    1512
    718    6643    1511
    719    6669    1511
    720    6424    1511
    721    6734    1511
    722    6734    1511
    723    6428    1509
    724    6342    1509
    725    6509    1507
    726    6737    1507
    727    6414    1507
    728    6417    1505
    729    6564    1505
    730    6429    1505
    731    6432    1505
    732    6507    1504
    733    6621    1504
    734    6565    1503
    735    6447    1503
    736    6748    1503
    737    6619    1503
    738    6313    1503
    739    6650    1502
    740    6503    1501
    741    6440    1501
    742    6650    1501
    743    6568    1501
    744    6503    1501
    745    6835    1500
    746    6570    1499
    747    6434    1499
    748    6749    1498
    749    6434    1498
    750    6441    1497
    751    6449    1497
    752    6429    1497
    753    6652    1497
    754    6602    1497
    755    6456    1496
    756    6453    1496
    757    6497    1496
    758    6654    1496
    759    6809    1495
    760    6570    1495
    761    6654    1494
    762    6563    1494
    763    6462    1494
    764    6450    1493
    765    6461    1493
    766    6457    1493
    767    6441    1493
    768    6462    1493
    769    6436    1493
    770    6441    1492
    771    6662    1492
    772    6438    1492
    773    6437    1492
    774    6434    1492
    775    6808    1491
    776    6423    1491
    777    6662    1490
    778    6575    1490
    779    6816    1490
    780    6821    1489
    781    6765    1489
    782    6441    1489
    783    6663    1488
    784    6661    1488
    785    6575    1488
    786    6662    1487
    787    6444    1487
    788    6332    1486
    789    6332    1486
    790    6437    1485
    791    6668    1484
    792    6671    1484
    793    6675    1484
    794    6781    1484
    795    6784    1483
    796    6816    1483
    797    6817    1482
    798    6785    1482
    799    6778    1482
    800    6745    1481
    801    6684    1481
    802    6662    1481
    803    6666    1481
    804    6577    1481
    805    6704    1481
    806    6575    1481
    807    6776    1480
    808    6555    1479
    809    6663    1477
    810    6792    1476
    811    6579    1475
    812    6575    1475
    813    6696    1475
    814    6315    1474
    815    6549    1474
    816    6546    1474
    817    6549    1473
    818    6311    1472
    819    6746    1472
    820    6301    1471
    821    6603    1471
    822    6339    1470
    823    6744    1470
    824    6507    1468
    825    6477    1468
    826    6402    1466
    827    6397    1466
    828    6425    1464
    829    6308    1462
    830    6496    1462
    831    6395    1461
    832    6694    1461
    833    6504    1459
    834    6723    1458
    835    6704    1457
    836    6509    1457
    837    6576    1456
    838    6706    1455
    839    6616    1455
    840    6502    1455
    841    6507    1454
    842    6505    1454
    843    6508    1454
    844    6512    1453
    845    6509    1453
    846    6713    1453
    847    6710    1452
    848    6499    1449
    849    6713    1448
    850    6809    1448
    851    6600    1448
    852    6705    1447
    853    6704    1447
    854    6724    1446
    855    6809    1446
    856    6596    1446
    857    6459    1444
    858    6667    1444
    859    6597    1444
    860    6728    1444
    861    6711    1443
    862    6808    1443
    863    6494    1443
    864    6590    1443
    865    6846    1441
    866    6372    1441
    867    6689    1440
    868    6689    1440
    869    6845    1438
    870    6847    1438
    871    6831    1438
    872    6846    1437
    873    6744    1436
    874    6378    1436
    875    6596    1436
    876    6378    1436
    877    6540    1435
    878    6553    1435
    879    6380    1435
    880    6512    1435
    881    6587    1434
    882    6488    1434
    883    6746    1434
    884    6776    1432
    885    6575    1432
    886    6391    1432
    887    6544    1431
    888    6849    1431
    889    6529    1430
    890    6562    1429
    891    6839    1429
    892    6605    1429
    893    6630    1428
    894    6764    1428
    895    6605    1428
    896    6607    1428
    897    6554    1427
    898    6845    1426
    899    6797    1425
    900    6614    1423
    901    6553    1423
    902    6714    1421
    903    6688    1421
    904    6665    1421
    905    6511    1421
    906    6839    1419
    907    6830    1419
    908    6804    1419
    909    6829    1418
    910    6776    1418
    911    6807    1418
    912    6807    1418
    913    6342    1418
    914    6808    1418
    915    6778    1417
    916    6780    1417
    917    6828    1417
    918    6810    1417
    919    6790    1416
    920    6781    1416
    921    6621    1414
    922    6709    1413
    923    6623    1413
    924    6621    1413
    925    6614    1412
    926    6429    1412
    927    6824    1412
    928    6814    1412
    929    6428    1411
    930    6429    1411
    931    6339    1410
    932    6828    1410
    933    6450    1409
    934    6793    1408
    935    6494    1407
    936    6794    1407
    937    6795    1407
    938    6794    1407
    939    6821    1407
    940    6815    1405
    941    6544    1405
    942    6572    1404
    943    6813    1403
    944    6634    1402
    945    6632    1402
    946    6812    1402
    947    6696    1402
    948    6817    1402
    949    6817    1402
    950    6814    1401
    951    6481    1401
    952    6807    1401
    953    6795    1400
    954    6826    1400
    955    6814    1400
    956    6477    1400
    957    6814    1399
    958    6814    1398
    959    6477    1397
    960    6808    1397
    961    6795    1396
    962    6795    1396
    963    6790    1395
    964    6785    1394
    965    6820    1391
    966    6814    1391
    967    6326    1391
    968    6753    1391
    969    6748    1391
    970    6792    1390
    971    6716    1390
    972    6715    1389
    973    6716    1389
    974    6764    1389
    975    6745    1389
    976    6762    1387
    977    6672    1387
    978    6737    1387
    979    6740    1387
    980    6791    1387
    981    6668    1386
    982    6733    1386
    983    6674    1385
    984    6626    1385
    985    6672    1385
    986    6388    1384
    987    6861    1384
    988    6672    1384
    989    6785    1383
    990    6667    1383
    991    6669    1383
    992    6723    1383
    993    6517    1383
    994    6725    1383
    995    6387    1382
    996    6788    1382
    997    6645    1382
    998    6780    1382
    999    6669    1381
   1000    6307    1380
   1001    6745    1380
   1002    6786    1379
   1003    6668    1379
   1004    6746    1379
   1005    6868    1378
   1006    6412    1378
   1007    6406    1378
   1008    6409    1378
   1009    6878    1378
   1010    6397    1377
   1011    6747    1377
   1012    6626    1377
   1013    6387    1377
   1014    6390    1377
   1015    6604    1377
   1016    6634    1375
   1017    6384    1375
   1018    6872    1375
   1019    6634    1375
   1020    6307    1375
   1021    6508    1374
   1022    6382    1374
   1023    6768    1374
   1024    6634    1374
   1025    6467    1374
   1026    6393    1374
   1027    6420    1373
   1028    6409    1373
   1029    6873    1372
   1030    6724    1372
   1031    6758    1372
   1032    6879    1372
   1033    6878    1372
   1034    6843    1372
   1035    6759    1372
   1036    6554    1371
   1037    6618    1371
   1038    6778    1371
   1039    6672    1371
   1040    6618    1371
   1041    6627    1371
   1042    6516    1371
   1043    6759    1370
   1044    6855    1370
   1045    6638    1370
   1046    6627    1370
   1047    6624    1370
   1048    6349    1370
   1049    6846    1369
   1050    6844    1369
   1051    6877    1369
   1052    6638    1369
   1053    6670    1369
   1054    6441    1369
   1055    6879    1369
   1056    6291    1369
   1057    6530    1368
   1058    6358    1368
   1059    6575    1368
   1060    6723    1368
   1061    6289    1368
   1062    6668    1367
   1063    6459    1367
   1064    6313    1367
   1065    6296    1367
   1066    6362    1367
   1067    6821    1366
   1068    6763    1366
   1069    6815    1366
   1070    6470    1366
   1071    6631    1366
   1072    6623    1366
   1073    6521    1365
   1074    6531    1365
   1075    6530    1365
   1076    6532    1365
   1077    6528    1365
   1078    6618    1365
   1079    6641    1365
   1080    6803    1364
   1081    6531    1364
   1082    6681    1364
   1083    6288    1364
   1084    6759    1363
   1085    6531    1363
   1086    6871    1363
   1087    6634    1363
   1088    6665    1363
   1089    6715    1362
   1090    6664    1361
   1091    6634    1361
   1092    6817    1361
   1093    6528    1361
   1094    6762    1360
   1095    6529    1360
   1096    6533    1360
   1097    6750    1359
   1098    6650    1358
   1099    6649    1357
   1100    6518    1357
   1101    6644    1357
   1102    6669    1356
   1103    6658    1356
   1104    6703    1356
   1105    6649    1356
   1106    6653    1356
   1107    6864    1355
   1108    6649    1355
   1109    6651    1355
   1110    6649    1355
   1111    6704    1355
   1112    6872    1354
   1113    6640    1354
   1114    6644    1354
   1115    6645    1354
   1116    6681    1354
   1117    6531    1354
   1118    6696    1354
   1119    6682    1354
   1120    6653    1354
   1121    6696    1354
   1122    6649    1354
   1123    6680    1354
   1124    6687    1354
   1125    6668    1353
   1126    6687    1353
   1127    6653    1351
   1128    6650    1351
   1129    6647    1351
   1130    6689    1350
   1131    6687    1350
   1132    6666    1350
   1133    6397    1349
   1134    6681    1349
   1135    6662    1348
   1136    6646    1347
   1137    6647    1347
   1138    6663    1347
   1139    6653    1347
   1140    6652    1347
   1141    6647    1345
   1142    6697    1344
   1143    6644    1344
   1144    6394    1344
   1145    6558    1344
   1146    6328    1343
   1147    6394    1343
   1148    6849    1343
   1149    6630    1342
   1150    6849    1342
   1151    6627    1341
   1152    6468    1340
   1153    6394    1340
   1154    6673    1340
   1155    6652    1340
   1156    6646    1340
   1157    6645    1340
   1158    6621    1339
   1159    6674    1338
   1160    6652    1338
   1161    6645    1338
   1162    6644    1338
   1163    6575    1338
   1164    6708    1337
   1165    6616    1337
   1166    6644    1336
   1167    6600    1336
   1168    6285    1334
   1169    6441    1333
   1170    6806    1332
   1171    6371    1332
   1172    6356    1331
   1173    6461    1331
   1174    6803    1331
   1175    6755    1330
   1176    6634    1326
   1177    6685    1323
   1178    6452    1323
   1179    6605    1322
   1180    6441    1316
   1181    6755    1315
   1182    6755    1315
   1183    6746    1315
   1184    6706    1315
   1185    6753    1314
   1186    6619    1314
   1187    6775    1314
   1188    6436    1313
   1189    6345    1313
   1190    6351    1312
   1191    6358    1311
   1192    6625    1309
   1193    6635    1307
   1194    6320    1306
   1195    6635    1304
   1196    6789    1304
   1197    6635    1302
   1198    6635    1301
   1199    6501    1301
   1200    6863    1301
   1201    6854    1301
   1202    6575    1300
   1203    6631    1300
   1204    6396    1299
   1205    6472    1299
   1206    6565    1299
   1207    6637    1299
   1208    6804    1298
   1209    6863    1295
   1210    6424    1293
   1211    6479    1291
   1212    6858    1291
   1213    6556    1291
   1214    6788    1290
   1215    6432    1289
   1216    6484    1289
   1217    6482    1288
   1218    6520    1288
   1219    6401    1288
   1220    6474    1288
   1221    6859    1288
   1222    6494    1287
   1223    6416    1285
   1224    6653    1285
   1225    6701    1284
   1226    6737    1284
   1227    6612    1284
   1228    6618    1284
   1229    6651    1284
   1230    6582    1284
   1231    6474    1283
   1232    6404    1280
   1233    6848    1279
   1234    6517    1276
   1235    6586    1275
   1236    6853    1275
   1237    6853    1271
   1238    6855    1271
   1239    6830    1270
   1240    6754    1269
   1241    6704    1269
   1242    6800    1269
   1243    6532    1268
   1244    6596    1266
   1245    6850    1265
   1246    6594    1264
   1247    6594    1264
   1248    6603    1263
   1249    6719    1262
   1250    6541    1262
   1251    6548    1262
   1252    6602    1261
   1253    6728    1261
   1254    6707    1261
   1255    6601    1261
   1256    6541    1261
   1257    6466    1261
   1258    6604    1260
   1259    6596    1260
   1260    6516    1260
   1261    6850    1260
   1262    6590    1259
   1263    6589    1259
   1264    6710    1258
   1265    6846    1258
   1266    6732    1258
   1267    6704    1257
   1268    6707    1256
   1269    6589    1256
   1270    6710    1256
   1271    6598    1256
   1272    6849    1255
   1273    6709    1254
   1274    6677    1254
   1275    6711    1253
   1276    6278    1252
   1277    6302    1252
   1278    6716    1251
   1279    6712    1250
   1280    6344    1248
   1281    6341    1248
   1282    6628    1246
   1283    6399    1245
   1284    6733    1243
   1285    6656    1243
   1286    6510    1243
   1287    6737    1242
   1288    6524    1241
   1289    6523    1241
   1290    6659    1241
   1291    6756    1240
   1292    6397    1240
   1293    6773    1240
   1294    6831    1239
   1295    6736    1239
   1296    6307    1238
   1297    6397    1237
   1298    6783    1236
   1299    6736    1235
   1300    6522    1234
   1301    6713    1234
   1302    6832    1231
   1303    6571    1230
   1304    6579    1228
   1305    6806    1226
   1306    6806    1226
   1307    6806    1225
   1308    6619    1225
   1309    6805    1224
   1310    6709    1224
   1311    6714    1224
   1312    6726    1224
   1313    6740    1224
   1314    6759    1224
   1315    6869    1222
   1316    6742    1221
   1317    6754    1221
   1318    6744    1219
   1319    6831    1218
   1320    6661    1218
   1321    6434    1216
   1322    6835    1216
   1323    6379    1215
   1324    6747    1215
   1325    6654    1214
   1326    6578    1214
   1327    6663    1214
   1328    6834    1214
   1329    6555    1213
   1330    6828    1212
   1331    6372    1212
   1332    6475    1211
   1333    6480    1211
   1334    6719    1211
   1335    6581    1211
   1336    6742    1210
   1337    6378    1210
   1338    6478    1209
   1339    6476    1208
   1340    6376    1208
   1341    6476    1208
   1342    6372    1208
   1343    6671    1208
   1344    6576    1208
   1345    6583    1208
   1346    6825    1207
   1347    6370    1207
   1348    6471    1206
   1349    6705    1205
   1350    6584    1204
   1351    6477    1204
   1352    6462    1204
   1353    6806    1202
   1354    6475    1200
   1355    6761    1199
   1356    6472    1198
   1357    6636    1198
   1358    6772    1197
   1359    6315    1197
   1360    6315    1197
   1361    6767    1196
   1362    6763    1196
   1363    6762    1196
   1364    6769    1196
   1365    6538    1196
   1366    6763    1196
   1367    6766    1195
   1368    6772    1195
   1369    6539    1195
   1370    6281    1194
   1371    6764    1194
   1372    6353    1194
   1373    6660    1193
   1374    6542    1192
   1375    6540    1192
   1376    6556    1192
   1377    6281    1192
   1378    6769    1192
   1379    6771    1191
   1380    6725    1191
   1381    6741    1190
   1382    6772    1190
   1383    6772    1190
   1384    6531    1189
   1385    6693    1189
   1386    6532    1189
   1387    6689    1189
   1388    6485    1189
   1389    6567    1189
   1390    6533    1189
   1391    6694    1189
   1392    6694    1188
   1393    6491    1188
   1394    6697    1187
   1395    6680    1187
   1396    6678    1186
   1397    6726    1185
   1398    6589    1185
   1399    6717    1184
   1400    6757    1183
   1401    6757    1183
   1402    6736    1181
   1403    6752    1181
   1404    6823    1181
   1405    6724    1179
   1406    6822    1178
   1407    6671    1178
   1408    6772    1177
   1409    6611    1177
   1410    6744    1176
   1411    6624    1176
   1412    6658    1175
   1413    6749    1175
   1414    6742    1175
   1415    6615    1175
   1416    6730    1175
   1417    6728    1175
   1418    6797    1174
   1419    6797    1174
   1420    6733    1174
   1421    6806    1173
   1422    6755    1173
   1423    6725    1173
   1424    6725    1173
   1425    6795    1173
   1426    6734    1173
   1427    6730    1172
   1428    6789    1172
   1429    6619    1172
   1430    6629    1172
   1431    6629    1172
   1432    6625    1172
   1433    6731    1172
   1434    6619    1172
   1435    6730    1171
   1436    6660    1171
   1437    6791    1171
   1438    6762    1171
   1439    6818    1171
   1440    6665    1171
   1441    6699    1171
   1442    6789    1170
   1443    6624    1170
   1444    6731    1170
   1445    6665    1170
   1446    6624    1170
   1447    6860    1170
   1448    6733    1170
   1449    6622    1170
   1450    6755    1170
   1451    6735    1170
   1452    6750    1170
   1453    6445    1170
   1454    6699    1169
   1455    6739    1169
   1456    6409    1168
   1457    6741    1168
   1458    6734    1168
   1459    6753    1168
   1460    6741    1168
   1461    6618    1168
   1462    6859    1168
   1463    6741    1167
   1464    6728    1167
   1465    6855    1167
   1466    6797    1166
   1467    6749    1166
   1468    6750    1166
   1469    6661    1166
   1470    6750    1166
   1471    6727    1166
   1472    6861    1166
   1473    6672    1166
   1474    6666    1166
   1475    6665    1166
   1476    6661    1166
   1477    6661    1165
   1478    6623    1165
   1479    6617    1165
   1480    6496    1165
   1481    6662    1164
   1482    6762    1163
   1483    6653    1163
   1484    6664    1163
   1485    6667    1162
   1486    6763    1162
   1487    6738    1162
   1488    6571    1162
   1489    6526    1162
   1490    6499    1162
   1491    6493    1162
   1492    6738    1162
   1493    6447    1161
   1494    6741    1161
   1495    6811    1161
   1496    6660    1160
   1497    6660    1160
   1498    6447    1160
   1499    6805    1160
   1500    6672    1159
   1501    6824    1158
   1502    6767    1158
   1503    6752    1158
   1504    6305    1158
   1505    6788    1158
   1506    6810    1158
   1507    6759    1158
   1508    6752    1158
   1509    6741    1157
   1510    6750    1157
   1511    6804    1156
   1512    6810    1156
   1513    6816    1155
   1514    6816    1154
   1515    6805    1153
   1516    6478    1152
   1517    6745    1151
   1518    6820    1151
   1519    6821    1151
   1520    6728    1151
   1521    6745    1151
   1522    6745    1151
   1523    6813    1151
   1524    6695    1150
   1525    6678    1150
   1526    6809    1150
   1527    6799    1149
   1528    6799    1149
   1529    6837    1148
   1530    6605    1148
   1531    6794    1146
   1532    6566    1145
   1533    6521    1145
   1534    6575    1144
   1535    6357    1144
   1536    6820    1143
   1537    6314    1142
   1538    6584    1142
   1539    6809    1141
   1540    6865    1139
   1541    6518    1139
   1542    6520    1138
   1543    6869    1138
   1544    6520    1138
   1545    6684    1137
   1546    6697    1136
   1547    6686    1136
   1548    6450    1136
   1549    6808    1135
   1550    6520    1135
   1551    6520    1134
   1552    6756    1134
   1553    6756    1134
   1554    6521    1132
   1555    6526    1131
   1556    6511    1130
   1557    6521    1130
   1558    6672    1128
   1559    6730    1126
   1560    6723    1125
   1561    6446    1124
   1562    6730    1124
   1563    6728    1124
   1564    6425    1124
   1565    6450    1121
   1566    6446    1121
   1567    6488    1120
   1568    6438    1120
   1569    6486    1118
   1570    6648    1118
   1571    6649    1118
   1572    6843    1117
   1573    6526    1117
   1574    6652    1117
   1575    6808    1116
   1576    6487    1116
   1577    6447    1116
   1578    6426    1116
   1579    6795    1116
   1580    6766    1116
   1581    6596    1116
   1582    6383    1116
   1583    6647    1116
   1584    6652    1116
   1585    6682    1116
   1586    6716    1116
   1587    6706    1116
   1588    6400    1111
   1589    6389    1109
   1590    6383    1108
   1591    6353    1104
   1592    6367    1103
   1593    6397    1102
   1594    6395    1102
   1595    6396    1101
   1596    6395    1101
   1597    6358    1100
   1598    6394    1099
   1599    6402    1098
   1600    6398    1097
   1601    6396    1096
   1602    6351    1096
   1603    6286    1093
   1604    6398    1089
   1605    6328    1087
   1606    6333    1083
   1607    6341    1083
   1608    6346    1081
   1609    6317    1078
   1610    6320    1076
   1611    6342    1074
   1612    6340    1072
   1613    6395    1070
   1614    6348    1070
   1615    6346    1070
   1616    6331    1068
   1617    6338    1066
   1618    6351    1065
   1619    6353    1064
   1620    6348    1064
   1621    6354    1063
   1622    6352    1063
   1623    6349    1063
   1624    6352    1063
   1625    6357    1062
   1626    6349    1062
   1627    6357    1062
   1628    6320    1062
   1629    6361    1061
   1630    6384    1061
   1631    6337    1061
   1632    6329    1061
   1633    6344    1061
   1634    6311    1060
   1635    6375    1059
   1636    6374    1059
   1637    6373    1059
   1638    6384    1058
   1639    6382    1058
   1640    6384    1057
   1641    6374    1057
   1642    6374    1057
   1643    6382    1057
   1644    6374    1057
   1645    6400    1057
   1646    6338    1056
   1647    6343    1054
   1648    6400    1053
   1649    6339    1052
   1650    6332    1051
   1651    6330    1047
   1652    6437    1047
   1653    6332    1047
   1654    6376    1044
   1655    6329    1044
   1656    6461    1043
   1657    6344    1041
   1658    6408    1041
   1659    6316    1041
   1660    6324    1040
   1661    6337    1040
   1662    6337    1040
   1663    6329    1040
   1664    6337    1039
   1665    6337    1039
   1666    6342    1039
   1667    6378    1039
   1668    6377    1039
   1669    6378    1039
   1670    6378    1038
   1671    6409    1038
   1672    6379    1038
   1673    6384    1038
   1674    6437    1037
   1675    6317    1036
   1676    6344    1036
   1677    6384    1034
   1678    6323    1034
   1679    6454    1034
   1680    6317    1031
   1681    6384    1031
   1682    6372    1031
   1683    6378    1031
   1684    6340    1030
   1685    6300    1026
   1686    6289    1026
   1687    6289    1025
   1688    6378    1025
   1689    6378    1025
   1690    6378    1024
   1691    6378    1023
   1692    6315    1018
   1693    6378    1016
   1694    6384    1016
   1695    6437    1015
   1696    6413    1014
   1697    6457    1014
   1698    6318    1010
   1699    6339    1006
   1700    6431     994
   1701    6442     992
   1702    6431     990
   1703    6339     988
   1704    6417     987
   1705    2276    2156
   1706    2110    2156
   1707    2029    2156
   1708    1870    2156
   1709    1921    2156
   1710    2629    2156
   1711    2619    2156
   1712    2518    2156
   1713    2616    2156
   1714    2713    2154
   1715    2655    2149
   1716    2110    2147
   1717    2109    2147
   1718    2599    2146
   1719    2293    2144
   1720    2622    2144
   1721    2293    2143
   1722    2615    2143
   1723    2706    2142
   1724    2301    2139
   1725    1867    2137
   1726    2713    2134
   1727    2288    2134
   1728    1846    2124
   1729    2548    2118
   1730    2164    2107
   1731    2505    2105
   1732    2262    2093
   1733    2418    2080
   1734    2428    2063
   1735    2418    2059
   1736    2201    2028
   1737    2191    2022
   1738    2192    2020
   1739    2619    2015
   1740    2339    2004
   1741    2335    2004
   1742    2611    2002
   1743    2327    2001
   1744    2340    2001
   1745    2307    1996
   1746    2183    1992
   1747    2180    1990
   1748    1727    1986
   1749    2418    1979
   1750    2288    1961
   1751    2301    1958
   1752    2457    1955
   1753    2462    1947
   1754    2548    1942
   1755    2613    1940
   1756    2529    1937
   1757    2627    1932
   1758    2713    1924
   1759    2178    1923
   1760    1970    1906
   1761    1996    1898
   1762    2002    1894
   1763    2008    1890
   1764    1810    1878
   1765    2713    1872
   1766    2053    1863
   1767    1860    1854
   1768    2176    1854
   1769    2276    1851
   1770    2257    1851
   1771    2119    1848
   1772    2273    1848
   1773    1834    1848
   1774    2125    1847
   1775    1853    1847
   1776    2274    1847
   1777    2664    1847
   1778    1859    1847
   1779    2285    1846
   1780    2287    1846
   1781    1839    1845
   1782    1756    1844
   1783    2262    1844
   1784    2248    1843
   1785    2261    1843
   1786    1844    1843
   1787    1971    1843
   1788    2253    1843
   1789    2646    1843
   1790    1845    1843
   1791    1760    1842
   1792    1769    1842
   1793    2253    1841
   1794    2260    1841
   1795    2260    1839
   1796    1845    1839
   1797    1842    1839
   1798    2259    1839
   1799    1908    1837
   1800    2256    1834
   1801    1837    1833
   1802    2271    1831
   1803    2257    1831
   1804    2582    1818
   1805    2418    1817
   1806    2427    1817
   1807    2423    1816
   1808    2575    1814
   1809    2427    1814
   1810    2713    1813
   1811    2438    1812
   1812    2433    1812
   1813    2437    1811
   1814    2435    1811
   1815    2425    1808
   1816    2533    1805
   1817    2418    1802
   1818    2521    1795
   1819    2514    1793
   1820    2680    1793
   1821    2521    1793
   1822    2520    1791
   1823    2246    1790
   1824    2520    1787
   1825    1752    1787
   1826    2243    1786
   1827    1764    1786
   1828    2240    1786
   1829    1749    1784
   1830    2228    1783
   1831    2574    1779
   1832    2241    1778
   1833    2242    1776
   1834    2271    1775
   1835    2567    1774
   1836    2574    1772
   1837    2189    1768
   1838    1800    1763
   1839    2201    1762
   1840    2204    1762
   1841    1772    1761
   1842    1771    1761
   1843    2246    1756
   1844    2205    1756
   1845    2126    1749
   1846    2148    1748
   1847    2211    1747
   1848    2139    1746
   1849    2132    1744
   1850    2607    1744
   1851    2129    1743
   1852    2226    1743
   1853    1791    1739
   1854    2139    1737
   1855    2222    1737
   1856    2138    1736
   1857    2154    1735
   1858    2218    1733
   1859    2321    1733
   1860    2124    1731
   1861    2160    1728
   1862    2203    1726
   1863    2534    1725
   1864    2119    1725
   1865    2644    1725
   1866    2242    1724
   1867    2659    1724
   1868    1958    1724
   1869    1971    1719
   1870    1795    1719
   1871    2617    1719
   1872    2465    1717
   1873    2306    1715
   1874    1809    1715
   1875    2287    1709
   1876    2448    1709
   1877    2289    1707
   1878    2266    1705
   1879    2363    1703
   1880    2418    1694
   1881    2181    1693
   1882    2393    1689
   1883    2391    1688
   1884    1839    1688
   1885    2577    1686
   1886    2574    1686
   1887    2319    1684
   1888    2544    1683
   1889    2532    1683
   1890    2550    1682
   1891    2545    1681
   1892    2543    1680
   1893    2324    1679
   1894    2538    1678
   1895    2319    1678
   1896    2317    1674
   1897    2534    1672
   1898    2545    1671
   1899    2666    1666
   1900    2713    1665
   1901    2055    1665
   1902    1803    1664
   1903    1805    1663
   1904    2672    1660
   1905    2674    1659
   1906    2037    1658
   1907    2671    1656
   1908    2678    1655
   1909    2564    1650
   1910    2572    1649
   1911    2176    1645
   1912    2311    1643
   1913    2062    1641
   1914    2500    1636
   1915    2069    1636
   1916    2007    1636
   1917    1818    1636
   1918    2075    1631
   1919    2297    1627
   1920    2003    1627
   1921    1971    1618
   1922    2696    1610
   1923    2215    1607
   1924    2156    1607
   1925    2154    1607
   1926    2713    1604
   1927    2178    1603
   1928    2214    1602
   1929    2177    1602
   1930    2178    1602
   1931    2208    1602
   1932    2160    1601
   1933    2166    1601
   1934    2461    1600
   1935    2689    1598
   1936    2166    1592
   1937    2155    1589
   1938    2154    1589
   1939    1907    1589
   1940    2196    1583
   1941    2182    1582
   1942    2190    1582
   1943    2131    1581
   1944    2133    1581
   1945    2132    1581
   1946    2132    1581
   1947    2349    1580
   1948    2347    1580
   1949    2347    1580
   1950    2190    1579
   1951    2172    1579
   1952    2178    1579
   1953    2184    1579
   1954    2182    1579
   1955    2196    1579
   1956    2190    1579
   1957    2199    1579
   1958    2200    1579
   1959    2163    1579
   1960    1818    1579
   1961    1820    1578
   1962    1818    1578
   1963    1853    1578
   1964    1813    1578
   1965    2214    1577
   1966    2205    1577
   1967    2199    1574
   1968    2196    1574
   1969    2205    1574
   1970    2190    1574
   1971    2184    1574
   1972    2181    1574
   1973    2178    1574
   1974    2172    1574
   1975    2141    1574
   1976    2169    1574
   1977    2133    1574
   1978    2139    1574
   1979    2166    1574
   1980    2214    1574
   1981    2154    1574
   1982    2160    1574
   1983    2190    1574
   1984    2196    1573
   1985    2220    1573
   1986    2220    1572
   1987    2220    1572
   1988    2199    1572
   1989    2184    1571
   1990    2205    1571
   1991    2181    1571
   1992    2184    1569
   1993    2181    1569
   1994    2178    1569
   1995    2172    1569
   1996    2169    1569
   1997    2190    1568
   1998    1763    1568
   1999    2205    1567
   2000    2208    1567

  727     728
    728     730
    707     720
    720     723
    666     717
    717     723
    683     712
    712     731
    756     755
    755     765
    764     766
    766     765
    712     755
    755     766
    687     648
    690     687
    695     690
    589     562
    642     589
    648     642
    539     545
    537     539
    544     537
    554     544
    562     554
    498     497
    522     498
    542     522
    545     542
    597     578
    578     580
    495     521
    493     495
    496     493
    497     496
    491     511
    511     523
    553     557
    523     534
    534     553
    541     551
    550     568
    571     583
    583     586
    608     594
     14      29
     71     107
    142     168
    173     193
    193     229
    229     235
    208     255
    235     276
    255     289
    285     303
    340     360
    360     410
    412     394
    410     422
    422     441
    448     412
    441     459
    459     479
    500     448
    479     505
    510     500
    510     517
    540     530
    547     543
    543     548
    548     540
    566     565
    555     567
    567     572
    572     574
    574     588
    591     566
    592     587
    596     595
    714     698
    725     714
    763     725
    760     785
    785     804
    804     811
    826     774
    831     826
    811     856
    866     831
    891     907
    907     909
    913     866
    909     917
    895     925
    917     927
    925     984
    998     989
   1000     913
    984    1016
   1023     998
   1056    1000
   1079    1099
   1099    1105
   1166    1176
   1176    1192
   1192    1227
   1227    1244
   1269    1303
   1303    1329
   1329    1365
   1384    1365
   1480    1384
   1491    1480
   1516    1491
   1548    1516
   1564    1548
   1588    1564
   1589    1588
   1590    1589
   1592    1590
   1597    1592
   1629    1641
    859     892
   1262    1246
    289     348
   1052    1079
     21      24
     25      22
     24      35
     15      40
     35      41
     41      47
    119     123
    123     124
    120     125
     85     151
    151     157
    124     159
    150     164
    162     166
    159     178
    169     183
    184     188
    164     190
    188     185
    192     193
    176     194
    178     201
    183     206
    189     210
    209     213
    206     215
    190     217
    211     222
    215     232
    194     240
    240     251
    213     257
    243     260
    257     265
    232     271
    251     272
    299     298
    260     304
    272     304
    306     307
    309     292
    310     309
    300     311
    292     313
    304     314
    307     314
    329     336
    336     344
    345     346
    344     345
    346     319
    338     351
    351     358
    362     361
    361     363
    358     364
    345     380
    378     389
    391     400
    401     398
    402     401
    404     402
    400     413
    416     404
    427     444
    449     453
    457     436
    444     474
    389     476
    453     481
    481     488
    476     494
    480     519
    474     533
    543     549
    519     558
    574     558
    533     590
    549     630
    630     644
    574     649
    649     655
    590     666
    674     699
    699     719
    725     732
    740     744
    706     759
    796     797
    802     809
    744     824
    787     825
    825     830
    824     833
    830     833
    833     836
    833     840
    836     844
    840     848
    797     850
    850     855
    809     858
    855     862
    848     863
    866     874
    874     876
    844     877
    876     879
    863     882
    877     887
    862     899
    887     901
    858     904
    899     908
    908     911
    911     912
    912     914
    914     918
    918     928
    901     942
    882     951
    951     959
    904     977
    977     985
    879     986
    985     988
    986     995
    988     999
    959    1025
   1015    1037
   1053    1062
   1025    1070
   1099    1098
   1026    1133
   1133    1144
   1144    1147
   1070    1152
   1147    1153
   1152    1173
   1173    1178
   1178    1180
   1180    1188
   1153    1204
   1188    1215
   1204    1219
   1219    1232
   1281    1280
   1277    1281
   1232    1283
   1229    1285
   1285    1290
   1283    1292
   1280    1292
   1292    1297
   1290    1320
   1297    1321
   1297    1323
   1320    1327
   1347    1342
   1372    1347
   1327    1373
   1356    1388
   1393    1384
   1388    1393
   1373    1412
   1457    1460
   1468    1470
   1463    1467
   1390    1489
   1519    1529
   1489    1533
   1372    1535
   1529    1540
   1553    1552
   1551    1554
   1548    1561
   1567    1556
   1569    1567
   1571    1574
   1535    1591
   1588    1593
   1596    1598
   1604    1613
   1613    1645
   1645    1648
   1648    1658
   1664    1665
   1654    1667
   1665    1666
   1667    1669
   1658    1671
   1683    1688
   1689    1690
   1691    1693
   1671    1696
   1696    1704
    732     740
     92     156
     55      80
     84      87
     87      94
     94      96
     97     102
    465     489
    489     524
    680     682
    692     693
    693     688
    682     708
    708     715
    715     727
    718     739
    742     753
    753     761
    786     803
    803     832
    832     835
    835     838
    860     873
    873     883
    883     894
    894     910
    910     915
    915     916
    916     920
    920     934
    934     936
    936     937
    954     987
   1008    1006
   1007    1008
   1010    1007
   1006    1027
   1023    1038
   1049    1044
   1050    1049
   1027    1054
   1048    1058
   1054    1063
   1064    1048
   1066    1022
   1058    1066
   1067    1050
   1069    1067
   1063    1070
   1065    1064
   1070    1073
   1080    1069
   1038    1080
   1081    1085
   1096    1117
   1148    1150
   1158    1151
   1165    1158
   1167    1165
   1163    1167
   1177    1225
   1225    1241
   1278    1284
   1272    1294
   1284    1295
   1295    1299
   1294    1302
   1299    1313
   1313    1316
   1316    1318
   1302    1319
   1318    1324
   1319    1330
   1330    1346
   1324    1355
   1374    1376
   1376    1389
   1386    1390
   1389    1398
   1394    1399
   1346    1404
   1399    1405
   1404    1406
   1398    1409
   1409    1415
   1382    1428
   1440    1407
   1430    1483
   1502    1505
   1504    1537
   1539    1549
   1537    1605
   1073    1077
     96      97
   1151    1149
    694     709
    709     711
    711     713
    713     718
   1056    1065
      4      18
     28      18
     18      34
     16      35
     34      37
     24      42
     55      28
     42      62
     76      87
     65      88
     91     106
    131      88
    121     131
    123     121
    134      95
     88     137
    137     142
    142     145
    146     158
    131     178
    193     194
    194     164
    206     207
    207     198
    220     178
    224     218
    212     229
    210     233
    234     222
    229     236
    239     220
    242     231
    245     239
    249     245
    251     242
    245     252
    233     253
    253     234
    257     244
    214     258
    255     258
    258     259
    259     262
    236     270
    273     265
    257     273
    280     274
    259     288
    301     253
    263     302
    318     273
    246     319
    321     318
    302     321
    322     269
    321     323
    318     324
    323     324
    330     302
    335     334
    338     322
    333     340
    356     350
    357     330
    288     365
    370     358
    346     372
    378     388
    389     388
    393     387
    324     397
    407     395
    408     370
    338     408
    356     410
    336     423
    426     431
    432     419
    433     396
    409     434
    438     437
    440     407
    359     440
    384     443
    446     393
    434     446
    446     448
    458     433
    448     462
    453     469
    471     470
    474     477
    462     482
    430     484
    485     474
    440     486
    486     490
    471     502
    507     446
    506     502
    507     512
    490     513
    484     516
    512     520
    529     527
    439     529
    525     530
    525     532
    527     532
    516     533
    533     506
    535     529
    538     535
    532     540
    535     543
    550     546
    551     550
    482     556
    560     551
    559     560
    561     558
    502     563
    567     561
    568     569
    560     568
    566     576
    577     567
    486     602
    602     593
    605     591
    593     629
    540     630
    516     631
    630     643
    633     649
    637     657
    659     607
    657     677
    636     677
    629     680
    563     683
    677     694
    643     701
    703     701
    701     704
    631     707
    704     706
    672     710
    721     722
    722     703
    710     721
    680     724
    724     708
    703     736
    726     736
    738     724
    736     748
    754     737
    757     744
    778     754
    746     778
    748     781
    778     785
    724     789
    781     794
    795     775
    794     795
    795     798
    799     794
    748     800
    804     754
    805     721
    785     806
    806     804
    807     799
    762     808
    808     806
    798     810
    806     812
    813     805
    815     808
    816     815
    815     817
    818     814
    800     819
    733     821
    789     822
    819     823
    819     807
    776     827
    790     828
    818     829
    827     831
    813     832
    834     823
    836     816
    812     837
    830     840
    824     841
    842     841
    840     842
    836     843
    841     843
    843     845
    845     844
    848     842
    821     851
    853     852
    851     859
    857     863
    837     864
    822     866
    858     868
    855     871
    823     873
    831     874
    817     878
    845     880
    884     862
    879     886
    889     887
    837     890
    890     885
    893     858
    894     884
    897     890
    878     897
    900     893
    896     900
    897     901
    861     902
    868     903
    905     889
    906     898
    899     919
    900     921
    902     922
    921     923
    921     924
    828     926
    926     857
    886     929
    926     930
    929     930
    931     876
    932     906
    930     933
    919     934
    935     905
    936     938
    901     941
    951     935
    933     956
    956     951
    967     931
    974     964
    975     969
    976     974
    903     977
    883     978
    978     979
    979     975
    944     981
    982     978
    983     972
    981     985
    988     983
    981     991
    990     991
    981     990
    905     993
    997     990
    991     999
    829    1000
    975    1001
    929    1006
   1004    1011
   1000    1020
    935    1021
   1008    1028
    965    1034
   1031    1035
    993    1042
   1021    1042
    967    1048
   1034    1050
    941    1057
   1030    1060
   1065    1020
   1068    1038
   1042    1073
   1076    1036
   1059    1078
   1060    1089
   1069    1092
   1111    1097
   1095    1117
   1116    1119
   1121    1111
   1126    1121
   1124    1126
   1119    1126
   1126    1130
   1028    1133
   1066    1144
   1064    1146
   1152    1100
   1147    1169
   1170    1150
   1092    1170
   1171    1153
   1172    1171
   1174    1170
   1094    1175
   1169    1178
   1165    1179
   1175    1181
   1181    1182
   1164    1183
   1177    1184
   1185    1182
   1187    1174
   1181    1187
   1183    1185
   1189    1172
   1189    1190
   1171    1191
   1190    1191
   1186    1192
   1166    1193
   1184    1183
   1146    1194
   1194    1189
   1187    1196
   1195    1197
   1117    1199
   1112    1200
   1192    1203
   1191    1204
   1178    1205
   1198    1207
   1196    1208
   1206    1202
   1200    1209
   1204    1210
   1205    1211
   1213    1206
   1196    1214
   1210    1215
   1199    1216
   1211    1216
   1217    1216
   1211    1217
   1218    1213
   1220    1211
   1220    1217
   1205    1220
   1222    1218
   1216    1222
   1185    1226
   1203    1228
   1206    1230
   1231    1217
   1220    1231
   1215    1220
   1208    1233
   1218    1234
   1222    1234
   1230    1235
   1214    1242
   1242    1239
   1228    1248
   1243    1250
   1250    1251
   1226    1253
   1249    1253
   1250    1256
   1231    1257
   1234    1260
   1251    1263
   1240    1266
   1253    1266
   1274    1267
   1194    1277
   1258    1282
   1282    1285
   1260    1286
   1266    1287
   1284    1287
   1256    1288
   1286    1289
   1290    1274
   1287    1291
   1242    1293
   1291    1293
   1287    1295
   1277    1296
   1298    1265
   1293    1298
   1279    1301
   1271    1304
   1303    1304
   1306    1307
   1304    1308
   1309    1306
   1301    1310
   1301    1311
   1299    1312
   1314    1293
   1317    1314
   1318    1317
   1307    1319
   1319    1322
   1324    1317
   1325    1320
   1308    1325
   1322    1328
   1330    1328
   1280    1331
   1257    1332
   1286    1333
   1312    1334
   1311    1334
   1324    1336
   1327    1343
   1344    1335
   1335    1345
   1345    1350
   1353    1346
   1356    1354
   1325    1357
   1358    1309
   1300    1365
   1376    1344
   1336    1380
   1334    1380
   1310    1385
   1343    1385
   1385    1391
   1368    1353
   1380    1397
   1399    1380
   1402    1381
   1383    1408
   1350    1409
   1357    1411
   1410    1413
   1421    1406
   1418    1421
   1425    1419
   1438    1408
   1394    1441
   1441    1423
   1322    1447
   1408    1442
   1356    1453
   1441    1454
   1447    1462
   1474    1473
   1393    1480
   1473    1454
   1480    1490
   1453    1493
   1485    1500
   1503    1508
   1492    1509
   1510    1517
   1509    1517
   1471    1520
   1517    1521
   1517    1522
   1454    1524
   1500    1525
   1479    1530
   1531    1528
   1534    1538
   1538    1530
   1465    1540
   1490    1541
   1525    1545
   1524    1546
   1545    1547
   1547    1546
   1498    1548
   1552    1531
   1522    1553
   1558    1545
   1521    1559
   1520    1559
   1559    1562
   1562    1553
   1516    1567
   1565    1569
   1578    1568
   1574    1558
   1599    1578
   1590    1635
   1662    1665
   1667    1668
   1666    1684
   1665    1684
   1684    1699
   1699    1703
   1197    1198
   1193    1195
   1203    1198
   1401    1422
   1403    1413
   1403    1401
   1400    1401
   1381    1363
   1289    1288
   1289    1300
    263     262
    462     438
    204     158
    118     116
    114     113
    130     126
   1221    1209
   1306    1298
   1264    1249
   1179    1167
   1020     967
   1064    1020
    513     516
    718     699
    694     716
    716     733
    716     709
    241     255
    131     137
   1069     966
    419     424
    425     423
    423     426
    395     425
    424     427
   1465    1462
   1501    1465
    419     426
   1611    1615
   1615    1618
   1617    1631
   1631    1646
     29      30
     30      49
     49      71
     74      75
    128     129
    129     147
    147     163
    163     173
    187     202
    208     202
    276     279
    279     285
    303     312
    348     374
    374     377
    377     383
    377     386
    394     383
    552     547
    557     552
    570     573
    581     557
    580     570
    586     581
    587     586
    597     580
    599     596
    585     600
    601     599
    573     611
    615     597
    615     618
    611     622
    614     615
    618     627
    627     622
    628     614
    600     632
    634     632
    632     628
    632     638
    638     660
    622     663
    660     670
    676     663
    670     676
    678     676
    676     684
    634     686
    689     678
    695     686
    684     696
    695     689
    698     695
    696     734
    734     760
    765     763
    767     764
    769     767
    749     769
    774     769
    892     895
    927     939
    939     948
    957     948
    960     957
    980     960
    989     980
   1019    1045
   1045    1052
   1105    1108
   1108    1110
   1110    1122
   1141    1156
   1246    1244
   1262    1269
   1602    1597
   1602    1607
   1607    1611
   1612    1611
   1612    1617
   1624    1621
   1621    1625
   1642    1639
   1641    1642
   1647    1624
   1649    1647
   1646    1649
   1653    1649
   1655    1653
   1660    1655
   1675    1660
    556     555
    565     556
     54      67
     67      70
     70      73
     82      83
     83      98
     73     144
     98     144
    373     377
    376     385
    511     526
   1102    1125
   1098    1088
    635     647
    628     635
     27      26
     19      27
     31      25
     26      31
     33      27
     38      31
     26      38
     32      45
     38      46
     47      48
     37      46
     48      49
     46      50
     49      52
     45      54
     50      57
     56      57
     57      58
     67      68
     69      67
     40      69
     66      69
     72      73
     69      74
     57      78
     82      74
     78      85
     73      92
    103     101
    100     119
    106     127
    129     130
    141     154
    140     154
    154     163
    166     174
    163     176
    180     174
    182     184
    180     189
    154     197
    197     192
    198     197
    201     202
    196     203
    202     203
    196     209
    197     212
    217     230
    230     243
    271     278
    278     279
    279     283
    305     299
    305     308
    312     308
    313     312
    308     320
    311     325
    325     329
    366     362
    363     367
    366     367
    373     371
    374     369
    375     357
    369     375
    375     376
    366     379
    376     381
    379     383
    386     385
    375     386
    381     392
    385     392
    386     405
    369     405
    406     405
    383     406
    413     417
    420     421
    417     421
    421     428
    429     428
    417     429
    392     435
    436     429
    437     406
    435     449
    406     454
    454     456
    456     460
    464     461
    501     499
    501     504
    509     499
    488     511
    509     578
    556     579
    582     557
    579     603
    607     582
    504     608
    608     609
    609     614
    635     618
    652     651
    647     652
    667     665
    661     667
    652     670
    670     678
    679     660
    679     675
    678     681
    681     685
    686     675
    689     681
    689     679
    685     697
    697     729
    723     730
    731     749
    749     750
    752     749
    764     756
    770     764
    767     770
    772     770
    773     772
    769     773
    759     779
    770     782
    772     782
    782     787
    773     790
    779     796
    784     802
    875     892
    928     940
    940     943
    940     949
    938     953
    950     955
    946     955
    955     957
    957     958
    961     952
    953     961
    961     962
    958     965
    962     970
    970     980
    995    1013
   1029    1033
   1037    1040
   1041    1024
   1047    1046
   1033    1051
   1046    1071
   1047    1072
   1040    1072
   1072    1071
   1043    1084
   1071    1087
   1062    1088
   1087    1091
   1077    1093
   1088    1102
   1103    1102
   1106    1103
   1109    1106
   1108    1109
   1110    1109
   1091    1113
   1114    1115
   1115    1122
   1113    1114
   1113    1136
   1136    1137
   1139    1138
   1140    1139
   1137    1140
   1136    1143
   1140    1155
   1255    1252
   1259    1255
   1262    1259
   1254    1264
   1264    1270
   1268    1270
   1270    1273
   1323    1337
   1340    1337
   1342    1340
   1366    1367
   1371    1367
   1417    1427
   1432    1431
   1433    1426
   1433    1420
   1434    1432
   1435    1433
   1427    1435
   1432    1443
   1435    1444
   1444    1448
   1448    1451
   1461    1449
   1434    1461
   1467    1468
   1495    1506
   1499    1506
   1506    1512
   1511    1512
   1512    1514
   1514    1518
   1518    1519
   1512    1526
   1527    1515
   1528    1527
   1533    1542
   1542    1544
   1544    1550
   1550    1551
   1556    1550
   1561    1566
   1595    1593
   1596    1595
   1601    1600
   1601    1604
   1606    1607
   1602    1608
   1607    1608
   1610    1606
   1608    1614
   1615    1614
   1610    1616
   1616    1617
   1612    1620
   1617    1620
   1618    1623
   1620    1623
   1622    1624
   1623    1626
   1610    1628
   1632    1631
   1616    1632
   1628    1632
   1633    1626
   1631    1633
   1634    1628
   1646    1633
   1650    1646
   1632    1650
   1650    1651
   1651    1653
   1644    1654
   1651    1655
   1628    1660
   1653    1661
   1661    1662
   1660    1663
   1663    1664
   1669    1670
   1670    1683
   1688    1689
   1690    1691
   1361    1378
   1367    1361
    463     467
    478     491
    467     478
    457     463
    364     366
    247     254
    161     157
    161     162
    618     597
    624     619
    140     133
     74      72
     80      78
     78      84
    122     133
    133     139
    455     461
    524     531
    647     651
    651     663
    663     668
    730     731
    731     741
    739     742
    741     750
    750     767
    761     784
    784     786
    838     847
    854     860
    946     943
    949     948
    943     950
    950     949
    952     946
    937     952
    948     954
    952     960
    987    1005
   1017    1013
   1005    1018
   1018    1029
   1044    1029
   1029    1051
   1077    1075
   1075    1081
   1051    1086
   1085    1096
   1086    1107
   1125    1132
   1138    1132
   1149    1143
   1138    1154
   1212    1221
   1221    1236
   1236    1237
   1237    1245
   1245    1261
   1254    1268
   1261    1272
   1268    1273
   1273    1275
   1275    1278
   1366    1371
   1371    1378
   1378    1379
   1379    1382
   1417    1416
   1405    1417
   1416    1420
   1420    1426
   1431    1430
   1429    1434
   1428    1437
   1443    1431
   1446    1443
   1434    1449
   1449    1446
   1426    1451
   1437    1466
   1483    1477
   1439    1495
   1499    1495
   1466    1499
   1499    1511
   1495    1513
   1513    1501
   1513    1514
   1511    1515
   1514    1523
   1515    1526
   1526    1523
   1526    1539
   1605    1606
   1606    1612
   1362    1366
   1355    1362
   1022    1017
     31      44
     45      43
     44      58
     54      59
     58      60
     58      76
     66      82
     89      91
     79      93
     95      93
     93     100
     93     132
    115     138
    132     138
    146     138
    218     223
    230     224
    231     230
    254     249
    269     254
    270     283
    283     305
    325     301
    326     327
    320     331
    320     333
    387     379
    397     399
    399     420
    428     439
    455     464
    470     464
    546     523
    553     538
    569     571
    573     520
    571     553
    575     577
    576     579
    578     573
    584     598
    606     599
    611     610
    616     605
    624     616
    627     611
    603     633
    624     636
    697     696
    729     734
    765     768
    747     772
    752     776
    775     779
    779     780
    852     847
    871     869
    864     875
    881     875
    892     896
    888     898
    939     932
    940     939
    958     966
    971     973
    972     973
    973     992
    992     994
    994     982
    980     996
   1019     997
    992    1030
   1012    1041
   1035    1043
   1011    1043
   1040    1047
   1075    1074
   1084    1068
   1090    1088
   1084    1094
   1093    1095
   1097    1084
   1100    1093
   1103    1090
   1086    1112
   1106    1120
   1120    1127
   1128    1127
   1129    1128
   1115    1129
   1132    1134
   1129    1136
   1127    1139
   1143    1157
   1233    1236
   1239    1245
   1235    1246
   1248    1252
   1252    1258
   1263    1262
   1265    1261
   1267    1268
   1252    1271
   1275    1279
   1338    1333
   1331    1340
   1340    1337
   1338    1351
   1364    1358
   1364    1368
   1379    1383
   1414    1410
   1419    1418
   1426    1414
   1411    1432
   1442    1437
   1422    1450
   1446    1478
   1461    1479
   1541    1550
   1566    1565
   1568    1566
   1594    1595
   1644    1643
   1642    1644
   1655    1663
   1670    1672
   1678    1663
   1668    1682
   1450    1438
   1371    1400
   1361    1364
   1057    1077
   1354    1351
   1397    1416
   1001    1004
   1041    1046
    603     637
    469     468
    468     467
    116     114
    113     103
    126     118
    743     734
    746     743
   1420    1402
     34      33
     87      96
    171     174
    179     171
    323     318
    480     481
    508     507
    510     508
    504     509
    585     584
    564     588
    609     604
    671     675
    693     694
    741     735
    753     758
    783     791
    791     792
    792     793
    793     801
    839     809
    851     839
   1101    1114
   1118    1121
   1135    1138
   1305    1302
   1306    1305
   1328    1404
   1389    1488
   1488    1532
    959     956
    713     705
     60      61
     61      62
    102     169
    169     186
    186     246
    125     143
    143     169
     97     143
     62      97
     30      48
     48      89
    167     124
    160     187
    203     214
    252     250
    250     241
    226     241
    220     226
    226     250
    296     346
    222     237
    237     266
    274     296
    336     280
    195     220
    200     199
    199     195
    199     167
    238     256
    222     238
    331     356
    356     382
    382     441
    479     514
    314     368
    368     378
    227     247
    317     338
    314     317
    248     227
    275     248
    368     317
    317     275
    922     971
    924     984
    984    1012
   1039    1053
   1082    1039
   1124    1082
    976    1031
   1456    1453
   1582    1456
   1582    1589
   1582    1590
   1589    1594
   1682    1693
   1698    1699
   1680    1678
   1692    1698
   1698    1680
   1680    1675
   1675    1659
   1685    1680
     36      88
    820     818
      1       4
      2      19
   1363    1362
    872     888
    869     872
    872     891
     22      21
     94     120
    210     211
    319     310
    334     326
    350     306
    372     384
    381     391
    396     360
    431     432
    477     475
    484     485
    559     564
    579     575
    588     592
    595     591
    599     482
    558     559
    623     602
    688     694
    722     726
    737     733
    729     762
    801     813
    810     850
    859     875
    885     881
    942    1015
   1036    1059
   1074    1076
   1127    1135
   1179    1186
   1202    1179
   1182    1240
   1234    1243
   1349    1334
   1384    1386
   1437    1425
   1415    1429
   1460    1463
   1493    1498
   1532    1534
   1685    1692
    872     870
   1033    1032
   1018    1009
   1566    1577
    865     869
   1237    1238
   1051    1055
    525     487
   1686    1675
   1546    1587
   1571    1583
   1553    1580
   1549    1579
   1574    1584
   1536    1572
   1530    1581
   1547    1585
     77     142
    228     244
    265     261
    398     403
    530     518
    530     626
    780     745
   1322    1315
   1462    1472
   1540    1543
     81     145
     51      55
    442     440
    503     486
   1168    1194
   1687    1685
    691     738
    625     623
    645     680
   1083    1065
   1276    1277
   1377    1504
   1603    1609
      3      22
     16       5
      6      14
      7      15
     14       7
      9      32
     10      79
      8      39
      0      18
   1549    1575
   1569    1576
   1625    1629
   1627    1629
   1647    1657
     43      39
    102     122
    144     150
    204     216
    292     278
    312     340
    425     430
    460     480
    610     617
    768     757
    856     859
    968     976
    969     968
   1024    1019
   1016    1019
   1078    1072
   1102    1116
   1406    1439
   1505    1511
   1523    1536
   1591    1602
   1609    1610
   1241    1254
    175     204
    156     175
     11      23
     23      65
    148     160
    148     153
    153     149
    149     165
    145     148
    187     191
    191     196
    168     170
    170     187
    191     170
    287     295
    268     287
    254     268
    293     251
    297     306
    298     297
    293     298
    293     297
    286     293
    290     286
    284     290
    282     284
    281     282
    283     281
    352     355
    342     337
    337     335
    352     328
    325     327
    327     328
    355     395
    342     354
    354     359
    267     274
    256     264
    264     296
    266     267
    267     264
    461     458
    461     465
    451     452
    452     455
    443     455
    415     427
    380     415
    675     639
    639     638
    660     656
    656     652
    662     653
    653     646
    668     669
    669     692
    619     606
    646     641
    640     619
    641     640
    669     662
    621     601
    621     619
    617     621
    620     621
    612     613
    613     620
    622     612
    409     411
    388     411
    408     409
    411     483
    483     492
    367     373
    365     371
    371     374
    379     371
    295     316
    316     361
    316     315
    315     294
    294     291
    291     287
    324     341
    341     347
    420     418
    418     416
    428     418
    644     650
    650     700
    650     700
    700     702
    702     706
    702     654
    758     771
    777     784
    777     783
    771     777
    719     771
    832     867
    867     853
    867     868
    846     834
    847     846
    849     861
    846     849
    847     849
    849     854
    964     963
    963     962
    963     970
    953     963
   1049    1148
   1148    1107
   1201    1212
   1150    1201
    536     513
    593     536
    750     751
    751     756
    814     788
    738     788
    788     789
    923     945
    945     944
   1304    1326
   1326    1335
   1246    1247
   1247    1259
   1247    1255
   1207    1229
   1224    1229
   1159    1177
   1154    1159
   1134    1131
   1131    1130
   1131    1126
   1159    1131
   1130    1142
   1142    1164
   1160    1159
   1161    1160
   1151    1162
   1162    1161
   1160    1224
   1155    1160
   1161    1166
   1156    1161
   1162    1166
   1157    1162
    947     922
    983     947
    999    1003
   1003    1039
   1002    1038
    996    1002
   1469    1476
   1476    1477
   1477    1481
   1481    1496
   1496    1497
   1481    1484
   1484    1485
   1496    1484
   1476    1475
   1475    1474
   1484    1475
   1440    1445
   1445    1469
   1475    1445
   1412    1436
   1436    1469
   1445    1436
   1478    1570
   1497    1570
   1570    1571
   1546    1560
   1560    1563
   1586    1563
   1563    1562
   1450    1459
   1459    1503
   1470    1459
   1492    1494
   1508    1507
   1510    1508
   1494    1510
   1507    1502
   1486    1502
   1482    1486
   1459    1482
   1455    1457
   1451    1455
   1452    1459
   1457    1452
   1487    1492
   1370    1359
   1296    1359
   1360    1504
   1360    1372
   1359    1360
   1223    1215
   1232    1223
   1014    1010
   1014    1026
   1013    1014
   1339    1338
   1332    1339
   1339    1341
   1341    1351
   1341    1348
   1348    1352
   1321    1352
   1352    1356
   1390    1375
   1375    1374
   1365    1369
   1369    1374
   1554    1555
   1555    1532
   1554    1557
   1557    1573
   1600    1599
   1598    1601
   1636    1635
   1642    1636
   1629    1637
   1637    1636
   1630    1613
   1635    1630
   1638    1645
   1640    1648
   1643    1640
   1630    1638
   1638    1640
   1639    1638
   1640    1673
   1673    1677
   1673    1671
   1672    1673
   1677    1681
   1681    1694
   1694    1696
   1693    1694
   1704    1702
   1702    1701
   1700    1702
   1696    1695
   1695    1697
   1695    1700
   1652    1656
   1645    1652
   1658    1674
   1674    1679
   1652    1674
   1674    1695
   1657    1666
   1666    1676
    216     219
    219     223
    221     200
    219     221
    223     225
    225     227
    221     225
    427     445
    445     447
    447     451
    466     471
    475     466
    450     447
    466     450
    674     673
    673     667
    655     658
    658     661
    673     658
    665     664
    664     659
    661     665
    664     672
   1392    1394
   1349    1392
   1391    1392
   1387    1391
   1407    1396
   1396    1395
   1395    1387
   1444    1464
   1464    1471
   1423    1424
   1424    1427
   1458    1487
   1448    1458
   1451    1458
   1458    1464
   1464    1424
   1424    1417
    531     589
    589     634
    505     545
    545     585
    514     542
    542     584
    494     497
    497     501
    492     496
    496     499
    570     521
    521     517
   1143    1141
    526     552
   1618    1622
   1614    1619
   1619    1621
   1621    1627
   1626    1622
   1619    1622
    880     905
   1117    1145
   1145    1163
     55     117
   1031    1023
   1104    1089
   1089    1031
   1118    1104
   1123    1119
   1119    1124
   1124    1118
   1125    1123
   1120    1125
   1122    1120
   1122    1128
   1128    1137
   1137    1141
    277     300
    343     349
    349     353
    353     352
    339     343
    337     339
    332     337
    300     332
    414     415
    472     473
    473     515
    471     472
    415     445
    445     450
    450     471
    390     414
    352     390
    515     528
    528     531
    531     562
    600     598
    598     628
    562     600
    181     172
    182     181
    172     185
    179     177
    185     186
    186     183
    177     180
    180     182
    205     179
    139     141
    140     141
    152     140
    127     129
    136     127
    139     136
    107     128
    111     110
    109     108
    112     111
    110     109
    107     112
    103     105
    108     103
     68      59
     70      68
     72      70
     75      72
     83      75
     53      90
     90     134
    134     135
     59      53
    135     132
     86      23
     86     100
    115     100
     12      17
    132     115
   1061    1056
    728     720
    717     712
    720     717
    183     155
    155     152
     52      63
     64      66
     99      82
    104      83
     63      64
    101      99
    105     104
     20      17
     20      13
     23      20
   2483    2490
   2506    2507
   2507    2512
   2519    2518
   2518    2522
   1717    1716
   1720    1715
   1719    1721
   1718    1722
   1722    1720
   1715    1723
   1721    1724
   1721    1727
   1729    1718
   1716    1730
   1731    1729
   1730    1732
   1727    1732
   1724    1733
   1734    1731
   1733    1734
   1735    1734
   1737    1736
   1730    1737
   1737    1738
   1722    1739
   1740    1735
   1741    1740
   1743    1741
   1741    1744
   1745    1743
   1732    1745
   1744    1749
   1745    1751
   1750    1751
   1749    1752
   1752    1753
   1742    1755
   1754    1755
   1753    1756
   1756    1754
   1755    1757
   1747    1759
   1760    1761
   1761    1762
   1762    1763
   1763    1766
   1767    1760
   1751    1769
   1759    1770
   1769    1772
   1766    1771
   1771    1774
   1767    1775
   1775    1778
   1772    1779
   1776    1779
   1779    1780
   1770    1783
   1786    1775
   1789    1777
   1757    1789
   1787    1766
   1791    1792
   1792    1773
   1784    1793
   1793    1795
   1795    1776
   1790    1796
   1786    1797
   1794    1798
   1778    1799
   1799    1787
   1798    1800
   1797    1801
   1801    1796
   1798    1802
   1795    1803
   1804    1789
   1780    1805
   1807    1806
   1805    1807
   1808    1804
   1806    1809
   1753    1811
   1806    1812
   1811    1813
   1812    1813
   1809    1815
   1816    1808
   1756    1816
   1817    1815
   1818    1816
   1819    1818
   1813    1819
   1777    1820
   1821    1822
   1800    1823
   1822    1824
   1791    1825
   1826    1823
   1828    1826
   1830    1828
   1804    1831
   1832    1826
   1833    1832
   1803    1834
   1831    1835
   1822    1835
   1835    1836
   1801    1838
   1837    1839
   1840    1830
   1839    1840
   1841    1838
   1827    1841
   1843    1833
   1834    1843
   1839    1844
   1771    1845
   1844    1847
   1848    1846
   1849    1848
   1836    1850
   1843    1852
   1838    1853
   1852    1855
   1847    1855
   1856    1854
   1854    1857
   1855    1858
   1802    1859
   1859    1817
   1860    1856
   1857    1861
   1862    1858
   1861    1862
   1824    1863
   1860    1864
   1850    1865
   1855    1866
   1820    1867
   1865    1867
   1853    1870
   1871    1865
   1850    1871
   1824    1872
   1859    1873
   1872    1863
   1870    1874
   1873    1875
   1876    1872
   1875    1877
   1878    1877
   1866    1878
   1873    1879
   1880    1876
   1862    1881
   1861    1881
   1879    1882
   1883    1882
   1874    1884
   1882    1880
   1885    1871
   1886    1885
   1877    1887
   1863    1888
   1876    1889
   1890    1886
   1891    1890
   1892    1891
   1893    1883
   1894    1892
   1889    1894
   1895    1893
   1887    1895
   1895    1896
   1894    1897
   1892    1898
   1867    1899
   1885    1899
   1901    1864
   1884    1903
   1899    1904
   1904    1905
   1906    1901
   1904    1907
   1905    1908
   1907    1908
   1898    1909
   1909    1910
   1881    1911
   1896    1912
   1901    1913
   1910    1907
   1916    1906
   1903    1917
   1912    1919
   1920    1916
   1920    1918
   1921    1920
   1908    1922
   1925    1924
   1911    1927
   1924    1932
   1932    1933
   1914    1934
   1922    1935
   1937    1936
   1932    1937
   1938    1937
   1917    1939
   1939    1921
   1944    1938
   1946    1945
   1912    1948
   1949    1947
   1948    1949
   1954    1953
   1941    1954
   1952    1954
   1953    1956
   1951    1952
   1955    1957
   1956    1955
   1957    1958
   1959    1951
   1917    1960
   1963    1939
   1961    1963
   1957    1967
   1955    1968
   1968    1967
   1966    1969
   1967    1969
   1970    1968
   1956    1970
   1971    1970
   1953    1971
   1972    1971
   1954    1972
   1973    1972
   1952    1973
   1951    1974
   1974    1973
   1945    1975
   1976    1974
   1977    1975
   1979    1976
   1969    1980
   1982    1979
   1959    1982
   1970    1983
   1968    1984
   1983    1984
   1967    1988
   1984    1988
   1989    1983
   1971    1989
   1969    1990
   1988    1990
   1991    1989
   1972    1991
   1989    1992
   1993    1992
   1991    1993
   1994    1993
   1973    1994
   1974    1995
   1996    1995
   1976    1996
   1995    1994
   1983    1997
   1992    1997
   1990    1999